8898 21
1122 29
6735 15
1496 10
1414 25
8131 3
3886 28
4622 16
2412 21
2030 2
3215 26
1882 22
4786 7
3398 30
8461 24
7179 12
5004 6
409 21
4343 18
6000 11
8443 15
9712 27
787 30
2822 20
3874 18
3675 12
5173 27
158 18
5195 3
2490 26
1413 23
1508 22
4289 3
1015 15
3976 14
4843 15
8807 21
4724 14
8367 23
8954 8
4564 1
9746 30
2672 20
4972 19
2146 26
2010 9
5367 10
6894 13
9216 27
6529 12
6781 17
9077 15
1797 10
2826 9
1293 20
2683 9
7060 11
2063 5
3519 18
6290 30
2823 18
4145 1
3689 26
1834 18
1918 5
542 7
6275 7
7940 2
1369 24
7261 12
6173 27
8139 26
9332 16
4508 8
7769 10
1046 10
606 18
9173 11
8115 13
4336 8
3156 18
4862 28
4642 13
9863 7
1265 27
5995 2
1527 16
3506 1
9556 7
6765 12
4109 5
4615 25
5186 27
7147 2
1231 7
2932 17
3425 12
1267 10
4387 16
6687 13
0 0
